x,y
4.961171683808202602e+02,9.803805296040617350e+02
4.877183222396438396e+02,9.622295135582078274e+02
4.801926492600086931e+02,9.436994232669115945e+02
4.735571975117258603e+02,9.248322353445896624e+02
4.643042042968722853e+02,9.071014114335055183e+02
4.559053581556958648e+02,8.889503953876516107e+02
4.483796851760607183e+02,8.704203050963553778e+02
4.382935058932386596e+02,8.531498393390351112e+02
4.325633068087047945e+02,8.339882940346603846e+02
4.241644606675283740e+02,8.158372779888064770e+02
4.259663545697196128e+02,7.959186139180097825e+02
4.268184393401534180e+02,7.759367733735555248e+02
4.323574026335329563e+02,7.567190761744998326e+02
4.369756773097716973e+02,7.372595916228779060e+02
4.507049627768597588e+02,7.227163209947418636e+02
4.637267009414240420e+02,7.075362572539820576e+02
4.809971666987443086e+02,6.974500779711599989e+02
4.940189048633085918e+02,6.822700142304001929e+02
5.090684488253979794e+02,6.690976482116038824e+02
5.155155532025399907e+02,6.501652726303346981e+02
5.305650971646293783e+02,6.369929066115383876e+02
5.473360816084766611e+02,6.260963897008815593e+02
5.662032695307985932e+02,6.194609379525986697e+02
5.818625338752343623e+02,6.070195778906488613e+02
6.016445346330665416e+02,6.040746761915891057e+02
6.208622318321222338e+02,6.096136394849686440e+02
6.397946074133914180e+02,6.160607438621105985e+02
6.576167600927107060e+02,6.251365839816276093e+02
6.739658822363733179e+02,6.366564019112478263e+02
6.856480526593722971e+02,6.528899133677383588e+02
6.995215849893019140e+02,6.672956448899624320e+02
7.112037554123008931e+02,6.835291563464529645e+02
7.294375674982023838e+02,6.917467044489000045e+02
7.452200366247886905e+02,7.040313968857642521e+02
7.641524122060578748e+02,7.104785012629062066e+02
7.773247782248541853e+02,7.255280452249955943e+02
7.848504512044893318e+02,7.440581355162917134e+02
7.914859029527722214e+02,7.629253234386136455e+02
7.990115759324073679e+02,7.814554137299098784e+02
8.121839419512036784e+02,7.965049576919992660e+02
8.246253020131536005e+02,8.121642220364350351e+02
8.294372676899853332e+02,8.315767176597440766e+02
8.257501435084232071e+02,8.512339075725911925e+02
8.286950452074830764e+02,8.710159083304233718e+02
8.250079210259209503e+02,8.906730982432704877e+02
8.119861828613567241e+02,9.058531619840302938e+02
7.997014904244924764e+02,9.216356311106166004e+02
7.829305059806451936e+02,9.325321480212735423e+02
7.666969945241546611e+02,9.442143184442725214e+02
7.470775241282163961e+02,9.480971500634523181e+02
7.282103362058944640e+02,9.547326018117352078e+02
7.138046046836703908e+02,9.686061341416648247e+02
7.030757573540697649e+02,9.854848732823152204e+02
6.886700258318458054e+02,9.993584056122448374e+02
6.779411785022451795e+02,1.016237144752895233e+03
6.611701940583978967e+02,1.027133661663552175e+03
6.417576984350888551e+02,1.031945627340383908e+03
6.218579799096428360e+02,1.033945927969794866e+03
6.037069638637889284e+02,1.042344774110971457e+03
5.880476995193531593e+02,1.054786134172921265e+03
5.789718593998362621e+02,1.072608286852240553e+03
5.622008749559889793e+02,1.083504803762897382e+03
5.422285179258151402e+02,1.084555971998369387e+03
5.236984276345190210e+02,1.092081644978004533e+03
5.086488836724296903e+02,1.105254010996800844e+03
4.971290657428095301e+02,1.121603133140463569e+03
4.934419415612474040e+02,1.141260323053310685e+03
4.852243934588003640e+02,1.159494135139212176e+03
4.744955461291997949e+02,1.176372874279862572e+03
4.698772714529611108e+02,1.195832358831484498e+03
4.661901472713989847e+02,1.215489548744331614e+03
4.546703293417788245e+02,1.231838670887994340e+03
4.473296886458965105e+02,1.250442836931490092e+03
4.408825842687545560e+02,1.269375212512759163e+03
4.428828848981655710e+02,1.289274931038205068e+03
4.439340531336375193e+02,1.309247288068379021e+03
4.365934124377552052e+02,1.327851454111874773e+03
4.266798399981376519e+02,1.345221574476583100e+03
4.229927158165755259e+02,1.364878764389430216e+03
4.114728978869553657e+02,1.381227886533092942e+03
3.977436124198673610e+02,1.395771157161228984e+03
3.833378808976433447e+02,1.409644689491158488e+03
3.759972402017610307e+02,1.428248855534654240e+03
3.615915086795370144e+02,1.442122387864583743e+03
3.525156685600201172e+02,1.459944540543903031e+03
3.497680473953103046e+02,1.479754905960402539e+03
3.460809232137482354e+02,1.499412095873249655e+03
3.396338188366062809e+02,1.518344471454518725e+03
3.273491263997420333e+02,1.534126940581105146e+03
3.096183024886579460e+02,1.543379933795958777e+03
2.896459454584841069e+02,1.544431102031430783e+03
2.719151215474000196e+02,1.553684095246284414e+03
2.530479336250781159e+02,1.560319546994567418e+03
2.331292695542814499e+02,1.558517653092376349e+03
2.131569125241076108e+02,1.559568821327848354e+03
1.932571939986616485e+02,1.561569121957259313e+03
1.738446983753525785e+02,1.566381087634091045e+03
1.539449798499065878e+02,1.568381388263502004e+03
1.357111677640050402e+02,1.560163840161055077e+03
1.158114492385590637e+02,1.562164140790466035e+03
9.687907365728989362e+01,1.555717036413324195e+03
7.687932193485028165e+01,1.555816691020712369e+03
5.950920157014192569e+01,1.545903118581094759e+03
4.168704889082265908e+01,1.536827278461577862e+03
2.533792674715997606e+01,1.525307460531957759e+03
1.079465611902387856e+01,1.511578175064869811e+03
-6.575464245684477405e+00,1.501664602625252201e+03
-2.649412831648114519e+01,1.499862708723060905e+03
-4.472794040238269986e+01,1.491645160620613979e+03
-6.255009308170196647e+01,1.482569320501097081e+03
-8.078390516760352114e+01,1.474351772398650155e+03
-9.860605784692279485e+01,1.465275932279133258e+03
-1.159761782116311508e+02,1.455362359839515648e+03
-1.337983308909504103e+02,1.446286519719998751e+03
-1.446948478016073238e+02,1.429515535276151468e+03
-1.563770182246062745e+02,1.413282023819660935e+03
-1.672735351352631881e+02,1.396511039375813652e+03
-1.683247033707351648e+02,1.376538682345639700e+03
-1.609840626748528507e+02,1.357934516302143948e+03
-1.527665145724058391e+02,1.339700704216242457e+03
-1.547668152018168826e+02,1.319800985690796551e+03
-1.577117169008767235e+02,1.300018984932964258e+03
-1.578113715082648696e+02,1.280019233210524590e+03
-1.495938234058178580e+02,1.261785421124623099e+03
-1.440548601124383765e+02,1.242567723925567407e+03
-1.341412876728208516e+02,1.225197603560859079e+03
-1.204120022057328470e+02,1.210654332932723037e+03
-1.121944541032858353e+02,1.192420520846821546e+03
-1.014656067736852663e+02,1.175541781706171150e+03
-9.871798560897542529e+01,1.155731416289671643e+03
-9.317902231559595805e+01,1.136513719090615950e+03
-9.043140115088611708e+01,1.116703353674116443e+03
-8.862950724869493513e+01,1.096784689603319748e+03
-9.344147292552666784e+01,1.077372193980010707e+03
-8.790250963214720059e+01,1.058154496780955014e+03
-7.488077146758294589e+01,1.042974433040195208e+03
-6.259607903071871249e+01,1.027191963913608788e+03
-4.486525511963461099e+01,1.017938970698755156e+03
-2.671423907378075313e+01,1.009540124557578679e+03
-1.230850755155676524e+01,9.956665922276490619e+02
-1.579660221956217470e+00,9.787878530869986662e+02
9.940157707663937359e+00,9.624387309433359405e+02
1.547912100104338151e+01,9.432210337442802484e+02
2.850085916560761845e+01,9.280409700035204423e+02
4.223014463269559826e+01,9.134976993753842862e+02
4.867724900983751724e+01,8.945653237941151019e+02
5.421621230321696316e+01,8.753476265950594097e+02
5.883448697945559758e+01,8.558881420434374832e+02
5.310428789492164015e+01,8.367265967390627566e+02
4.142211747192264681e+01,8.204930852825723377e+02
3.389644449228739376e+01,8.019629949912762186e+02
2.381026520946527114e+01,7.846925292339560656e+02
2.180996458005418503e+01,7.647928107085100464e+02
1.886506288099430151e+01,7.450108099506778672e+02
2.066695678318545859e+01,7.250921458798811727e+02
2.888450488563244534e+01,7.068583337939795683e+02
3.796034500514934962e+01,6.890361811146602804e+02
4.948016293476950267e+01,6.726870589709975548e+02
6.763117898062336053e+01,6.642882128298210773e+02
8.536200289170746203e+01,6.550352196149674455e+02
1.042291908140293515e+02,6.483997678666845559e+02
1.241289093394753280e+02,6.463994672372734840e+02
1.429960972617972175e+02,6.397640154889905943e+02
1.597670817056445003e+02,6.288674985783336524e+02
1.791795773289535418e+02,6.240555329015019197e+02
1.935853088511775297e+02,6.101820005715723028e+02
2.117363248970313805e+02,6.017831544303958253e+02
2.273955892414671496e+02,5.893417943684459033e+02
2.396802816783313972e+02,5.735593252418595966e+02
2.512000996079515573e+02,5.572102030981968710e+02
2.662496435700409165e+02,5.440378370794005605e+02
2.726967479471828142e+02,5.251054614981313762e+02
2.834255952767833833e+02,5.082267223574809805e+02
2.898726996539252809e+02,4.892943467762117962e+02
2.878723990245142090e+02,4.693946282507658339e+02
2.906200201892240216e+02,4.495842628342663829e+02
2.830943472095887614e+02,4.310541725429702069e+02
2.782823815327570287e+02,4.116416769196611654e+02
2.819695057143190979e+02,3.919844870068139926e+02
2.847171268790289105e+02,3.721741215903144848e+02
2.970018193158931581e+02,3.563916524637281782e+02
3.126610836603289272e+02,3.439502924017782561e+02
3.324430844181611633e+02,3.410053907027183868e+02
3.509731747094573393e+02,3.334797177230831267e+02
3.707835401259568471e+02,3.362273388877929392e+02
3.907022041967535415e+02,3.380292327899841212e+02
4.088532202426073923e+02,3.296303866488075869e+02
4.218749584071716185e+02,3.144503229080477809e+02
4.381084698636620942e+02,3.027681524850488017e+02
4.577279402596003592e+02,2.988853208658689482e+02
4.775099410174325953e+02,2.959404191668090789e+02
4.974286050882292898e+02,2.977423130690002608e+02
5.174104456326834907e+02,2.985943978394340093e+02
5.352325983120027786e+02,3.076702379589509064e+02
5.534664103979043830e+02,3.158877860613978896e+02
5.731236003107514989e+02,3.195749102429599589e+02
5.920559758920206832e+02,3.260220146201018565e+02
6.098781285713399711e+02,3.350978547396187537e+02
6.250581923120997772e+02,3.481195929041829800e+02
6.396014629402359333e+02,3.618488783712709846e+02
9.871756341080368884e+02,9.846528295940569251e+02
9.700370300732780606e+02,9.743441802286090478e+02
9.587295751977288774e+02,9.578474695189730710e+02
9.552969337508336594e+02,9.381442471252361202e+02
9.490951707359803322e+02,9.191300909381318434e+02
9.532313645104187572e+02,8.995624671411477493e+02
9.618642076260717886e+02,8.815215686119579459e+02
9.696288521433878032e+02,8.630903370871868674e+02
9.815199510336433377e+02,8.470092373989763246e+02
9.926324118103972296e+02,8.303805508758288170e+02
9.958328556518371215e+02,8.106382825355951809e+02
1.001810341315618189e+03,7.915524326687620942e+02
1.015176202097748956e+03,7.766744702560962423e+02
1.030523372503691917e+03,7.638501043641331307e+02
1.039156215619344948e+03,7.458092058349433273e+02
1.051799015459534075e+03,7.303121218446917737e+02
1.067739010625270794e+03,7.182325293798654684e+02
1.080381810465459921e+03,7.027354453896139148e+02
1.087260666967233874e+03,6.839556335367756219e+02
1.093238152631015055e+03,6.648697836699425352e+02
1.094547482700668297e+03,6.449126883209519292e+02
1.089257474158932382e+03,6.256249769577973439e+02
1.083055711144079169e+03,6.066108207706930671e+02
1.081511523324525342e+03,5.866705227794908524e+02
1.080917882126526592e+03,5.666793349676563594e+02
1.090399367674243877e+03,5.490696378717824473e+02
1.099032210789896908e+03,5.310287393425926439e+02
1.105009696453678089e+03,5.119428894757596140e+02
1.115318345819126080e+03,4.948042854410008431e+02
1.129376989569611851e+03,4.805791479760436573e+02
1.145316984735348569e+03,4.684995555112173520e+02
1.153081629252664698e+03,4.500683239864463303e+02
1.169021624418401416e+03,4.379887315216200250e+02
1.184368794824344377e+03,4.251643656296569134e+02
1.200308789990081095e+03,4.130847731648306080e+02
1.220153026972223415e+03,4.105935368057963615e+02
1.238850554803914974e+03,4.034940683057519664e+02
1.251493354644104102e+03,3.879969843155003559e+02
1.266212934013112317e+03,3.744568963098976155e+02
1.285227090200216708e+03,3.682551332950442884e+02
1.303924618031908267e+03,3.611556647949998933e+02
1.323881713380898873e+03,3.624649948646531925e+02
1.343449337177882853e+03,3.666011886390916175e+02
1.363440524989717233e+03,3.660075474410928109e+02
1.382728236352871818e+03,3.607175388993570095e+02
1.401066779914851395e+03,3.527364474937044747e+02
1.420354491278005980e+03,3.474464389519686733e+02
1.439368647465110371e+03,3.412446759371153462e+02
1.456384703362985420e+03,3.307349736729981373e+02
1.473881557609548963e+03,3.210468318762185049e+02
1.490897613507424012e+03,3.105371296121012961e+02
1.507394324217060102e+03,2.992296747365521128e+02
1.527334622208262317e+03,2.976854869169982862e+02
1.547178859190404637e+03,2.951942505579640397e+02
1.563118854356141355e+03,2.831146580931377343e+02
1.581457397918120932e+03,2.751335666874851995e+02
1.601160620311857883e+03,2.717009252405899815e+02
1.620509272604079342e+03,2.767634991387873811e+02
1.640381462899987355e+03,2.790209430125563586e+02
1.656462562588197898e+03,2.909120419028118931e+02
1.667770017463747081e+03,3.074087526124478700e+02
1.684908621498505909e+03,3.177174019778958041e+02
1.700405705488757576e+03,3.303602018180849882e+02
1.715283667901423541e+03,3.437260626002157551e+02
1.729508805366380784e+03,3.577847063507014695e+02
1.744386767779046750e+03,3.711505671328322364e+02
1.759883851769298417e+03,3.837933669730214206e+02
1.778663663622136710e+03,3.906722234747952598e+02
1.798660454784364219e+03,3.910304736866000894e+02
1.818402723124597742e+03,3.942309175280399813e+02
1.836833954649368707e+03,4.019955620453560527e+02
1.851711917062034672e+03,4.153614228274868196e+02
1.869321614157908471e+03,4.248429083752040469e+02
1.887362512687098388e+03,4.334757514908570215e+02
1.904972209782972186e+03,4.429572370385742488e+02
1.917051802247798378e+03,4.588972322043110239e+02
1.934661499343672176e+03,4.683787177520282512e+02
1.946741091808498368e+03,4.843187129177650263e+02
1.951107362306323239e+03,5.038362865871488339e+02
1.950749112094518523e+03,5.238330777493763435e+02
1.956950875109371964e+03,5.428472339364806203e+02
1.960383516556267296e+03,5.625504563302175711e+02
1.964749787054092167e+03,5.820680299996014355e+02
1.975259489318209489e+03,5.990840858974764842e+02
1.988083855210172715e+03,6.144312563034194454e+02
2.000163447674999134e+03,6.303712514691561637e+02
2.004529718172824005e+03,6.498888251385400281e+02
2.016609310637650424e+03,6.658288203042767464e+02
2.032106394627902091e+03,6.784716201444658736e+02
2.045646482633504775e+03,6.931911995134740891e+02
2.062275169156652282e+03,7.043036602902279810e+02
2.082232264505642888e+03,7.056129903598812234e+02
2.101318114372475975e+03,7.115904760236622906e+02
2.121162351354618295e+03,7.090992396646280440e+02
2.139100367947419272e+03,7.002546050923913299e+02
2.154447538353362233e+03,6.874302392004282183e+02
2.167813399135493000e+03,6.725522767877623664e+02
2.171949592909931198e+03,6.529846529907782724e+02
2.165747829895077757e+03,6.339704968036739956e+02
2.155238127630960662e+03,6.169544409057989469e+02
2.150871857133136018e+03,5.974368672364150825e+02
2.149327669313582192e+03,5.774965692452128678e+02
2.143125906298728751e+03,5.584824130581085910e+02
2.147262100073166948e+03,5.389147892611244970e+02
2.160627960855297715e+03,5.240368268484585315e+02
2.175975131261240676e+03,5.112124609564954199e+02
2.187866230151495984e+03,4.951313612682848770e+02
2.203213400557438945e+03,4.823069953763217654e+02
2.217932979926447388e+03,4.687669073707190250e+02
2.233280150332390349e+03,4.559425414787559134e+02
2.251218166925191326e+03,4.470979069065191993e+02
2.270735740594574963e+03,4.427316364086943850e+02
2.287751796492450012e+03,4.322219341445771192e+02
2.307596033474592332e+03,4.297306977855428158e+02
2.327536331465794319e+03,4.281865099659889893e+02
2.347527519277628926e+03,4.275928687679901259e+02
2.367524310439856436e+03,4.279511189797949555e+02
2.386872962732078122e+03,4.330136928779922982e+02
2.404482659827951920e+03,4.424951784257094687e+02
2.419360622240617886e+03,4.558610392078401787e+02
2.432184988132581111e+03,4.712082096137831968e+02
2.449323592167339939e+03,4.815168589792310740e+02
2.469320383329567449e+03,4.818751091910359037e+02
2.489277478678558055e+03,4.831844392606892029e+02
2.506887175774431853e+03,4.926659248084063734e+02
2.526844271123422459e+03,4.939752548780596726e+02
2.546131982486576817e+03,4.886852463363238144e+02
2.565146138673680980e+03,4.824834833214704872e+02
2.582162194571556029e+03,4.719737810573532215e+02
2.596220838322041800e+03,4.577486435923960357e+02
2.614918366153733132e+03,4.506491750923515838e+02
2.631415076863368995e+03,4.393417202168023437e+02
2.640047919979022026e+03,4.213008216876125402e+02
2.651160380755775805e+03,4.046721351644650895e+02
2.658039237257549757e+03,3.858923233116268534e+02
2.667520722805266814e+03,3.682826262157529413e+02
2.676153565920919846e+03,3.502417276865631379e+02
2.680289759695358043e+03,3.306741038895791007e+02
2.683490203536797708e+03,3.109318355493455215e+02
2.676390735036753085e+03,2.922343077176540760e+02
2.666702593239973339e+03,2.747374534710904754e+02
2.653162505234370656e+03,2.600178741020822599e+02
2.640338139342407430e+03,2.446707036961392419e+02
2.635048130800671515e+03,2.253829923329846849e+02
2.628846367785818074e+03,2.063688361458803797e+02
2.618336665521700979e+03,1.893527802480053310e+02
2.602839581531449312e+03,1.767099804078161753e+02
2.589299493525846628e+03,1.619904010388079314e+02
2.570213643659013542e+03,1.560129153750268358e+02
2.552172745129823852e+03,1.473800722593738897e+02
2.539348379237860627e+03,1.320329018534308716e+02
2.520568567385022561e+03,1.251540453516570466e+02
2.500865344991285838e+03,1.285866867985522788e+02
2.484368634281649975e+03,1.398941416741014905e+02
2.471002773499519208e+03,1.547721040867673992e+02
2.454506062789883345e+03,1.660795589623166109e+02
2.435808534958192013e+03,1.731790274623610344e+02
2.418311680711628469e+03,1.828671692591406952e+02
2.399023969348474111e+03,1.881571778008765250e+02
2.379066873999483505e+03,1.868478477312232258e+02
2.359981024132650418e+03,1.808703620674421302e+02
2.342842420097891591e+03,1.705617127019942245e+02
2.322845628935664081e+03,1.702034624901893949e+02
2.305707024900905253e+03,1.598948131247414892e+02
2.294399570025355843e+03,1.433981024151055124e+02
2.276358671496166153e+03,1.347652592994525378e+02
2.256486481200257913e+03,1.325078154256835887e+02
2.236744212860024163e+03,1.293073715842437252e+02
2.217176589063039955e+03,1.251711778098053145e+02
2.202298626650373990e+03,1.118053170276745902e+02
2.182731002853389782e+03,1.076691232532361795e+02
2.162886765871247462e+03,1.101603596122704829e+02
2.144948749278446485e+03,1.190049941845071970e+02
2.126610205716467135e+03,1.269860855901597745e+02
2.107322494353312777e+03,1.322760941318956327e+02
2.087580226013079027e+03,1.290756502904557976e+02
2.068494376146245941e+03,1.230981646266747163e+02
2.050453477617056251e+03,1.144653215110217701e+02
2.033824791093908743e+03,1.033528607342678924e+02
2.016686187059149916e+03,9.304421136882001520e+01
2.002461049594192673e+03,7.898556761833431494e+01
1.985322445559433845e+03,6.867691825288642349e+01
1.967712748463559819e+03,5.919543270516923172e+01
1.952834786050893854e+03,4.582957192303850746e+01
1.941527331175344671e+03,2.933286121340254482e+01
1.938094689728449339e+03,9.629638819665601090e+00
1.943157263626646682e+03,-9.719013472555964483e+00
1.943515513838451398e+03,-2.971580463478351319e+01
1.939149243340626526e+03,-4.923337830416733141e+01
1.939507493552431242e+03,-6.923016946639488367e+01
1.942707937393871134e+03,-8.897243780662847712e+01
1.939275295946975803e+03,-1.086756602003654280e+02
1.934909025449150931e+03,-1.281932338697492355e+02
1.921368937443548248e+03,-1.429128132387574794e+02
1.913387846037895770e+03,-1.612513568007369429e+02
1.901308253573069351e+03,-1.771913519664736896e+02
1.882877022048298386e+03,-1.849559964837897041e+02
1.866795922360087843e+03,-1.968470953740451819e+02
1.852570784895130600e+03,-2.109057391245308963e+02
1.833790973042292308e+03,-2.177845956263047071e+02
1.480039732937482768e+03,1.001260055075379682e+03
1.460345045256046433e+03,9.977787798592155468e+02
1.440838310719944502e+03,9.933643367756488942e+02
1.422158367368535892e+03,9.862187285868263871e+02
1.402198100306018659e+03,9.874787836622060695e+02
1.384565048545654008e+03,9.969167646759769923e+02
1.364575387268046825e+03,9.962737701141555817e+02
1.344638962409629357e+03,9.946803574668235797e+02
1.325277870366894376e+03,9.996951470848179042e+02
1.308621799562122533e+03,1.010766520321522876e+03
1.289260707519387552e+03,1.015781309939517200e+03
1.270160158324460781e+03,1.021711657353638998e+03
1.250199891261943549e+03,1.022971712429018794e+03
1.231519947910534938e+03,1.015826104240196400e+03
1.214047065521946024e+03,1.006094794922610163e+03
1.202195704636909568e+03,9.899843869460061114e+02
1.186880242393267281e+03,9.771221703305246820e+02
1.167185554711830946e+03,9.736408951143605464e+02
1.151870092468188659e+03,9.607786784988791169e+02
1.143281815870280752e+03,9.427165217871840923e+02
1.127966353626638465e+03,9.298543051717026628e+02
1.108271665945202130e+03,9.263730299555385272e+02
1.088311398882684898e+03,9.276330850309183234e+02
1.068374974024267431e+03,9.260396723835863213e+02
1.048868239488165500e+03,9.216252293000196687e+02
1.029767690293238729e+03,9.275555767141414663e+02
1.010970952833432307e+03,9.343880477800963718e+02
9.913931770435510771e+02,9.384759194905518598e+02
9.718864425074491464e+02,9.340614764069852072e+02
9.539703166272976205e+02,9.251725825811729464e+02
9.356515330431368511e+02,9.171462404506205530e+02
9.169715896917282407e+02,9.100006322617980459e+02
9.005028456273652182e+02,8.986524840012884852e+02
8.835127884288219775e+02,8.881008037374522246e+02
8.740748074150510547e+02,8.704677519770875733e+02
8.607457187714443307e+02,8.555568366486822924e+02
8.424269351872835614e+02,8.475304945181298990e+02
8.225492321716947117e+02,8.497388701256866170e+02
8.044870754599996872e+02,8.583271467235944101e+02
7.844894607753508353e+02,8.586360268367749313e+02
7.651283687326158542e+02,8.636508164547693696e+02
7.474953169722512030e+02,8.730887974685404060e+02
7.339189298502710699e+02,8.877749035799006379e+02
7.241876205326848321e+02,9.052477859684894383e+02
7.225942078853528301e+02,9.251842108269067921e+02
7.311824844832606232e+02,9.432463675386018167e+02
7.333908600908173412e+02,9.631240705541906664e+02
7.346509151661971373e+02,9.830843376167078986e+02
7.293133043486471934e+02,1.002358929979722348e+03
7.305733594240269895e+02,1.022319197042239580e+03
7.289799467766949874e+02,1.042255621900656934e+03
7.176317985161854267e+02,1.058724365965020070e+03
7.015213905395813754e+02,1.070575726850056526e+03
6.816436875239925257e+02,1.072784102457613244e+03
6.618056614993009816e+02,1.070243881316912621e+03
6.422278857094197519e+02,1.074331753027368222e+03
6.250638834340113590e+02,1.084598058394430836e+03
6.059633342390845883e+02,1.090528405808552634e+03
5.871665967792781657e+02,1.097360876874507539e+03
5.687162517106081623e+02,1.105079993847776223e+03
5.526058437340041110e+02,1.116931354732812679e+03
5.370775938412895130e+02,1.129535856121975485e+03
5.209671858646854616e+02,1.141387217007011941e+03
5.033341341043208104e+02,1.150825198020782864e+03
4.833738670418035781e+02,1.152085253096162660e+03
4.642733178468767505e+02,1.158015600510284457e+03
4.447665833107748199e+02,1.153601157426717918e+03
4.248888802951860271e+02,1.155809533034274637e+03
4.058900932563252013e+02,1.149560845888000358e+03
3.863123174664440285e+02,1.153648717598455960e+03
3.668055829303420978e+02,1.149234274514889421e+03
3.471108952489057060e+02,1.145752999298725399e+03
3.272728692242141619e+02,1.143212778158024776e+03
3.081723200292873912e+02,1.149143125572146573e+03
2.945959329073073150e+02,1.163829231683506805e+03
2.754953837123805442e+02,1.169759579097628603e+03
2.566986462525741786e+02,1.176592050163583508e+03
2.367622213941567964e+02,1.174998637516251620e+03
2.168019543316395925e+02,1.176258692591631416e+03
1.977014051367127934e+02,1.182189040005753213e+03
1.779512955587275087e+02,1.185340733464447112e+03
1.580735925431387159e+02,1.187549109072003830e+03
1.380839312655315325e+02,1.186906114510182533e+03
1.180863165808827233e+02,1.187214994623363054e+03
9.872522453814775645e+01,1.192229784241357493e+03
8.027487946947780983e+01,1.199948901214626403e+03
6.669849234749770517e+01,1.214635007325986635e+03
6.044980520122335577e+01,1.233633794364847517e+03
5.156091137541116609e+01,1.251549920244999157e+03
3.869869475992973662e+01,1.266865382488641444e+03
1.990195730012336028e+01,1.273697853554596350e+03
2.268905539758755197e+00,1.283135834568367500e+03
-1.772075573784842817e+01,1.282492840006546203e+03
-3.699534810086288417e+01,1.277155229188996373e+03
-5.698500937847006753e+01,1.276512234627175076e+03
-7.667969705990644513e+01,1.273030959411011054e+03
-9.567848409876725668e+01,1.266782272264736775e+03
-1.103645902101275169e+02,1.253205885142756642e+03
-1.180837071833963279e+02,1.234755540074086639e+03
-1.230984968013907803e+02,1.215394448031351658e+03
-1.290288442155126063e+02,1.196293898836424887e+03
-1.423579328591194439e+02,1.181382983508019606e+03
-1.482882802732412699e+02,1.162282434313092836e+03
-1.601396411582777546e+02,1.146172026336488670e+03
-1.766083852226408624e+02,1.134823878075979110e+03
-1.868746905897034480e+02,1.117659875800570717e+03
-2.043475729782923338e+02,1.107928566482984479e+03
-2.213376301768355745e+02,1.097376886219148446e+03
-2.411756562015270902e+02,1.094836665078447822e+03
-2.608703438829634820e+02,1.091355389862283801e+03
-2.807083699076550261e+02,1.088815168721583177e+03
-2.993883132590636365e+02,1.081669560532760897e+03
-3.158570573234267158e+02,1.070321412272251337e+03
-3.261233626904893299e+02,1.053157409996842944e+03
-3.320537101046111843e+02,1.034056860801916173e+03
-3.314107155427898306e+02,1.014067199524308990e+03
-3.260731047252400003e+02,9.947926071612945407e+02
-3.132108881097585709e+02,9.794771449176522538e+02
-3.010919790583358804e+02,9.635670209896828737e+02
-2.868321763133158697e+02,9.495435397644977229e+02
-2.719212609849105888e+02,9.362144511208908852e+02
-2.534709159162406422e+02,9.284953341476220885e+02
-2.363069136408323345e+02,9.182290287805594744e+02
-2.164292106252435417e+02,9.160206531730026427e+02
-1.976324731654371760e+02,9.091881821070476235e+02
-1.785319239705103769e+02,9.032578346929258259e+02
-1.586938979458188612e+02,9.057980558336263357e+02
-1.388161949302300684e+02,9.035896802260695040e+02
-1.204974113460692138e+02,9.116160223566217837e+02
-1.005609864876518316e+02,9.132094350039536721e+02
-8.176424902784546589e+01,9.063769639379986529e+02
-6.218647323796430015e+01,9.022890922275430512e+02
-4.234844721327277739e+01,9.048293133682435609e+02
-2.241202235485538807e+01,9.064227260155754493e+02
-3.615284895049018843e+00,8.995902549496204301e+02
1.596249089483214689e+01,8.955023832391648284e+02
3.592275795734936139e+01,8.942423281637850323e+02
5.460270130875797179e+01,9.013879363526074258e+02
7.456296837127518984e+01,9.001278812772276297e+02
9.324291172268380024e+01,9.072734894660500231e+02
1.132031787852010041e+02,9.060134343906702270e+02
1.316535238538709507e+02,8.982943174174014302e+02
1.514915498785624663e+02,9.008345385581019400e+02
1.684816070771057070e+02,9.113862188219380869e+02
1.879883416132076377e+02,9.158006619055046258e+02
2.049783988117508784e+02,9.263523421693407727e+02
2.175829002009137696e+02,9.418805920620553707e+02
2.354990260810653808e+02,9.507694858878675177e+02
2.529719084696542666e+02,9.605007952054537554e+02
2.688820323976236750e+02,9.726197042568765028e+02
2.814865337867865378e+02,9.881479541495911008e+02
2.933378946718229940e+02,1.004258362126195152e+03
2.955462702793797689e+02,1.024136065141784002e+03
3.023787413453347312e+02,1.042932802601590311e+03
3.007853286980028429e+02,1.062869227460007778e+03
2.910540193804166620e+02,1.080342109848596692e+03
2.738900171050083827e+02,1.090608415215659306e+03
2.641587077874221450e+02,1.108081297604248221e+03
2.469947055120138373e+02,1.118347602971310835e+03
2.278941563170870666e+02,1.124277950385432632e+03
2.085330642743521139e+02,1.129292740003427070e+03
1.894325150794253432e+02,1.135223087417548868e+03
1.700714230366903905e+02,1.140237877035543306e+03
1.509708738417636198e+02,1.146168224449665104e+03
1.348604658651595969e+02,1.158019585334701560e+03
1.268341237346072887e+02,1.176338368918862443e+03
1.132577366126272125e+02,1.191024475030222675e+03
1.035264272950410032e+02,1.208497357418811589e+03
8.636242501963269547e+01,1.218763662785874203e+03
7.210262227461269902e+01,1.232787144011059354e+03
5.404046556291772418e+01,1.241375420608967261e+03
3.559012049424778468e+01,1.249094537582236171e+03
1.560045921664059776e+01,1.248451543020414874e+03
-2.032592543724003775e+00,1.257889524034186024e+03
-2.139368458645895998e+01,1.262904313652180463e+03
-4.133010944487634930e+01,1.261310901004848574e+03
-6.069120148761130906e+01,1.266325690622843013e+03
-8.038588916904770088e+01,1.262844415406678991e+03
-9.570135141269004464e+01,1.249982198791197561e+03
-1.149759437757045077e+02,1.244644587973647731e+03
-1.339747308145653335e+02,1.238395900827373453e+03
-1.526546741659739439e+02,1.231250292638551173e+03
-1.679701364096162877e+02,1.218388076023069743e+03
-1.872447287726307650e+02,1.213050465205519913e+03
-2.067514633087326956e+02,1.208636022121953374e+03
-2.254314066601413060e+02,1.201490413933131094e+03
-2.453916737226585099e+02,1.202750469008510890e+03
-2.640716170740671487e+02,1.195604860819688611e+03
-2.839096430987586928e+02,1.193064639678988215e+03
-3.008997002973019335e+02,1.182512959415152181e+03
-3.183725826858908476e+02,1.172781650097565944e+03
-3.383090075443082583e+02,1.171188237450234055e+03
-3.566277911284690845e+02,1.163161895319681662e+03
-3.753077344798776949e+02,1.156016287130859382e+03
-3.906231967235200386e+02,1.143154070515377953e+03
-4.008895020905826527e+02,1.125990068239969560e+03
-4.149129833157678036e+02,1.111730265494949663e+03
-4.319030405143110443e+02,1.101178585231113630e+03
-4.445075419034739639e+02,1.085650335338399145e+03
-4.578366305470808015e+02,1.070739420009993864e+03
